// Lab 7 Header File
// Yan Wang

//-----------------------------------------------------------------------------
// Hardware Target
//-----------------------------------------------------------------------------

// Target Platform: EK-TM4C123GXL
// Target uC:       TM4C123GH6PM
// System Clock:    40Mhz

// Hardware configuration:
// 16 MHz external crystal oscillator

//-----------------------------------------------------------------------------
// Device includes, defines, and assembler directives
//-----------------------------------------------------------------------------

#ifndef LAB7_CHE_KWANGA_H_
#define LAB7_CHE_KWANGA_H_
int address[16]={0,0,1,0,0,0,0,0,1,1,0,1,1,1,1,1};//address and complement, dataCodes in a 2D integer array, dataNames in a single char array
uint8_t dataCodes[50][16]={{0,0,0,1,0,0,0,0,1,1,1,0,1,1,1,1},{1,1,0,1,0,0,0,0,0,0,1,0,1,1,1,1},{1,0,0,1,1,1,0,0,0,1,1,0,0,0,1,1},{0,1,0,1,1,1,1,0,1,0,1,0,0,0,0,1},{0,0,0,1,1,1,1,0,1,1,1,0,0,0,0,1},{1,1,1,1,0,0,0,0,0,0,0,0,1,1,1,1},{1,0,0,0,1,0,0,0,0,1,1,1,0,1,1,1},{0,1,0,0,1,0,0,0,1,0,1,1,0,1,1,1},{1,1,0,0,1,0,0,0,0,0,1,1,0,1,1,1},{0,0,1,0,1,0,0,0,1,1,0,1,0,1,1,1},{1,0,1,0,1,0,0,0,0,1,0,1,0,1,1,1},{0,1,1,0,1,0,0,0,1,0,0,1,0,1,1,1},{1,1,1,0,1,0,0,0,0,0,0,1,0,1,1,1},{0,0,0,1,1,0,0,0,1,1,1,0,0,1,1,1},{1,0,0,1,1,0,0,0,0,1,1,0,0,1,1,1},{0,0,1,1,0,0,1,0,1,1,0,0,1,1,0,1},{0,0,0,0,1,0,0,0,1,1,1,1,0,1,1,1},{0,1,0,1,1,0,0,0,1,0,1,0,0,1,1,1},{0,1,0,0,0,0,0,0,1,0,1,1,1,1,1,1},{1,1,0,0,0,0,0,0,0,0,1,1,1,1,1,1},{0,1,1,1,1,0,0,0,1,0,0,0,0,1,1,1},{0,1,0,1,0,1,0,1,1,0,1,0,1,0,1,0},{1,0,0,1,0,0,0,0,0,1,1,0,1,1,1,1},{0,0,0,0,0,0,0,0,1,1,1,1,1,1,1,1},{1,0,0,0,0,0,0,0,0,1,1,1,1,1,1,1},{0,1,1,0,1,0,1,0,1,0,0,1,0,1,0,1},{0,0,1,1,1,1,1,0,1,1,0,0,0,0,0,1},{0,0,1,1,1,0,1,0,1,1,0,0,0,1,0,1},{1,1,0,0,0,0,1,0,0,0,1,1,1,1,0,1},{1,1,1,1,0,1,0,1,0,0,0,0,1,0,1,0},{0,0,0,0,0,0,1,0,1,1,1,1,1,1,0,1},{1,1,1,0,0,0,0,0,0,0,0,1,1,1,1,1},{0,0,1,0,0,0,1,0,1,1,0,1,1,1,0,1},{0,1,1,0,0,0,0,0,1,0,0,1,1,1,1,1},{1,0,0,0,0,0,1,0,0,1,1,1,1,1,0,1},{0,0,0,1,0,1,0,0,1,1,1,0,1,01,1},{1,1,0,1,1,0,1,0,0,0,1,0,0,1,0,1},{1,0,0,0,1,0,0,1,0,1,1,1,0,1,1,0},{0,1,1,1,0,0,0,0,1,0,0,0,1,1,1,1},{1,0,0,0,1,1,0,1,0,1,1,1,0,0,1,0},{1,1,1,1,0,0,0,1,0,0,0,0,1,1,1,0},{0,0,0,0,1,1,0,1,1,1,1,1,0,0,1,0},{0,1,0,1,1,1,0,1,1,0,1,0,0,0,1,0},{0,1,1,1,0,0,0,1,1,0,0,0,1,1,1,0},{0,1,0,0,1,1,1,0,1,0,1,1,0,0,0,1},{1,0,0,0,1,1,1,0,0,1,1,1,0,0,0,1},{1,1,0,0,0,1,1,0,0,0,1,1,1,0,0,1},{1,0,0,0,0,1,1,0,0,1,1,1,1,0,0,1}};
char* dataNames[50]={"Power","Source","Caption","Info","Search","TV","1","2","3","4","5","6","7","8","9","list","0","flashback","vol up","vol down","fav","Info","mute","ch up","ch down","netflix","home","amazon","settings","live zoom","up","left","ok","right","down","back","exit","sap","sleep","stop","rewind","play","pause","fast forward","red","green","yellow","blue"};
#endif